4294967278,529
4294967279,416
2428,4
2358,4
2231,4
2216,4
2200,4
2183,4
4294967278,227
2064,4
2072,4
2071,6
2071,1
2071,5
2071,2
4294967279,188
4294967279,174
2071,4
2070,4
2069,4
2068,6
2068,1
2068,5
2068,2
2068,4
2067,4
4294967278,316
2051,4
2059,4
2058,4
2057,4
2056,4
2055,4
2054,4
2016,4
4294967294,2083
4294967279,766
4294967278,411
4294967278,169
4294967278,514
4294967279,164
4294967294,1462
4294967294,2052
4294967294,95
4294967294,191
4294967294,188
4294967279,425
4294967278,282
4294967278,314
2137,2
4294967278,210
4294967279,765
4294967278,434
4294967278,428
4294967279,764
4294967294,30
4294967294,942
4294967294,941
4294967294,939
4294967294,938
4294967294,933
4294967294,922
4294967294,128
4294967294,830
4294967294,829
4294967294,828
4294967294,827
4294967294,60
4294967294,166
4294967294,165
4294967294,24
4294967294,116
4294967294,127
4294967294,14
4294967294,20
4294967294,13
4294967278,258
2403,4
2280,4
4294967294,1933
2278,4
2277,4
2354,4
2396,4
2346,4
2345,4
2349,4
2350,4
2348,4
2250,4
2249,4
2210,4
2209,4
2211,4
2248,4
2247,4
2255,4
2254,4
2193,4
4294967294,491
2245,4
2244,4
4294967294,490
4294967294,1443
4294967294,1441
4294967294,1442
2243,4
2242,4
2226,4
2212,4
4294967294,492
4294967294,493
4294967294,1459
2241,4
2227,4
4294967294,1453
4294967294,494
2252,4
2251,4
4294967294,1467
2334,4
2335,4
2333,4
2332,4
2331,4
2312,4
2161,4
2162,4
2158,4
4294967294,484
2155,4
2330,4
2329,4
2376,4
2373,4
2372,4
2375,4
2374,4
2370,4
2138,4
4294967294,506
2290,4
2339,4
2338,4
2341,4
4294967294,505
2321,4
4294967294,104
4294967294,106
2305,4
2306,4
2304,4
4294967294,502
2289,4
2402,4
2296,4
4294967294,1887
2266,4
2264,4
2263,4
2262,4
2261,4
2042,4
2036,4
2035,4
2034,4
2033,4
2032,4
2031,4
2030,4
4294967279,176
4294967294,475
4294967294,499
2146,4
2147,4
4294967294,483
4294967294,1912
2106,4
2105,4
2097,4
4294967294,1925
4294967294,1930
4294967294,1966
2136,4
2080,4
2089,4
2090,4
4294967294,511
4294967294,2097
4294967294,469
2411,4
2412,4
4294967278,150
2324,4
2323,4
2325,4
4294967278,568
4294967294,1960
4294967278,136
4294967294,1937
4294967278,135
4294967294,1932
4294967279,763
4294967294,1936
4294967294,1943
4294967278,313
4294967294,1935
4294967278,294
4294967294,1942
4294967294,1939
4294967294,1940
4294967294,1941
4294967294,1944
4294967279,303
4294967294,1954
4294967278,254
4294967294,1958
4294967278,242
4294967278,238
4294967294,1955
4294967278,237
4294967278,567
4294967279,232
4294967279,230
4294967294,1957
4294967279,216
4294967278,566
4294967294,1959
4294967279,196
4294967294,1859
4294967294,1956
4294967278,180
4294967294,1886
4294967278,519
4294967294,1434
4294967294,1953
4294967279,217
4294967278,168
4294967278,167
4294967278,166
4294967278,165
4294967294,1863
4294967279,364
4294967294,1864
4294967278,158
4294967279,159
4294967294,1866
4294967294,1867
4294967278,156
4294967278,155
4294967278,154
4294967279,154
4294967278,153
4294967294,1947
4294967278,299
4294967279,150
4294967279,148
4294967278,147
4294967278,146
4294967294,1927
4294967278,144
4294967278,143
4294967279,143
4294967294,1877
4294967279,762
4294967278,141
4294967279,140
4294967279,273
4294967294,1882
4294967278,151
4294967278,133
4294967294,1883
4294967278,276
4294967294,1891
4294967294,1433
4294967294,0
4294967278,269
4294967278,268
4294967279,705
4294967279,281
4294967278,264
4294967294,1972
4294967278,279
4294967278,145
4294967294,1931
4294967278,261
4294967278,307
4294967294,1911
4294967279,308
4294967278,265
4294967278,517
4294967294,1913
4294967278,303
4294967278,302
4294967294,1916
4294967278,301
4294967278,253
4294967278,250
4294967279,249
4294967279,246
4294967279,761
4294967279,242
4294967279,240
4294967279,237
4294967279,379
4294967278,232
4294967278,228
4294967278,224
4294967279,737
4294967278,214
4294967279,297
4294967294,1924
4294967279,214
4294967294,1898
4294967279,213
4294967278,211
4294967279,212
4294967278,555
4294967278,209
4294967278,208
4294967294,1903
4294967279,207
4294967278,205
4294967278,203
4294967278,202
4294967278,201
4294967294,1920
4294967294,1928
4294967278,199
4294967279,199
4294967278,197
4294967279,198
4294967278,196
4294967278,195
4294967294,1969
4294967294,1970
4294967278,193
4294967278,191
4294967278,190
4294967278,189
4294967278,315
4294967279,189
4294967278,526
4294967279,187
4294967294,111
4294967294,161
4294967294,115
4294967294,386
4294967294,1873
4294967294,113
4294967294,168
4294967294,162
4294967294,1413
4294967294,2108
4294967294,2059
4294967294,92
4294967294,88
2337,4
4294967294,504
2295,4
4294967278,563
2023,4
2018,4
2017,4
1985,5
4294967279,713
4294967279,354
2165,6
4294967294,1437
4294967294,486
4294967294,1436
4294967294,485
4294967294,1435
2271,11
2074,12
2100,14
2100,18
2131,10
2397,4
2397,6
2271,10
2271,5
2074,11
2074,6
2100,10
2100,17
2379,4
2100,22
2100,21
2100,28
2100,5
2131,9
2131,5
2099,14
2099,17
2099,13
2099,5
2076,23
2270,4
2270,5
2270,6
2269,4
2269,5
2001,10
2150,9
2095,4
2096,8
2093,9
2095,5
2096,15
2096,20
2096,5
2093,17
2093,16
2093,7
2093,14
2150,17
2150,27
2150,16
2150,5
4294967294,51
4294967294,1430
4294967294,482
2094,4
2094,5
2012,6
2294,6
2294,5
2294,4
4294967294,500
2012,5
4294967294,498
2177,12
4294967294,1949
2012,8
4294967279,166
2012,1
1986,5
4294967279,717
4294967294,920
4294967279,406
1959,1
4294967278,160
2327,4
4294967278,159
1987,5
4294967279,733
2012,9
2012,7
2012,4
2179,8
2179,4
1959,4
2044,4
2044,7
2044,6
2044,5
2400,4
2398,6
2399,4
2398,4
2045,4
2253,7
2253,6
2253,4
4294967294,1945
4294967294,496
2179,6
4294967294,2051
2257,4
2256,4
4294967294,2049
4294967294,488
4294967294,489
4294967294,914
2179,9
2179,7
2380,5
2380,4
4294967294,1965
4294967294,1457
4294967294,508
1990,5
2098,7
2178,7
2178,4
2075,4
2077,99
2077,79
2076,32
2076,29
2079,28
2079,83
2079,84
2079,19
2079,87
2079,86
2079,51
2079,85
2079,91
2079,32
2079,66
2079,92
2385,4
2385,6
2385,5
2381,4
4294967294,510
4294967278,402
4294967279,760
4294967279,0
1997,4
2303,5
2303,4
4294967294,2066
4294967294,501
4294967294,2074
2107,5
2107,6
2004,4
4294967294,950
2177,8
2085,5
2082,5
2137,6
2137,5
4294967279,149
2137,4
4294967294,951
4294967278,421
4294967279,710
1989,4
4294967278,391
4294967278,438
4294967279,437
2369,2
4294967278,522
2139,4
4294967294,1420
4294967294,1421
1963,5
4294967294,12
4294967294,27
2048,9
2060,4
2060,5
2048,7
2048,4
4294967279,141
4294967279,295
4294967278,521
4294967279,440
4294967278,138
4294967279,727
4294967278,277
4294967294,476
4294967294,1871
2086,5
2177,4
2177,11
2177,25
2177,10
2084,5
2177,23
2177,22
2177,9
2081,6
4294967294,36
4294967278,435
4294967278,549
4294967278,298
4294967294,478
4294967294,1895
1997,8
2004,6
2107,4
1997,7
2001,9
2004,5
2001,7
2001,5
1997,5
4294967294,479
4294967294,473
2369,4
4294967294,1862
4294967294,6
4294967294,2082
4294967294,507
2395,5
2394,4
4294967294,1929
4294967294,2094
4294967294,2086
4294967294,509
4294967294,2106
1961,6
1962,6
1983,4
1983,5
1984,4
4294967294,471
2073,4
2061,4
1962,8
2401,5
2401,4
2073,5
2061,6
4294967278,283
4294967278,274
4294967279,283
4294967278,273
0,5
4294967294,46
4294967294,1881
4294967294,1894
4294967294,1861
2177,14
2177,5
2177,7
1954,4
1990,4
4294967294,1890
1961,4
4294967294,423
1962,4
4294967294,39
4294967294,977
4294967294,2058
4294967294,976
4294967294,2055
1987,4
4294967294,1857
4294967294,1860
4294967294,1415
4294967278,535
4294967278,515
4294967279,130
4294967279,84
4294967279,77
4294967279,74
4294967279,71
4294967279,68
4294967279,65
4294967279,355
4243767289,0
4243767290,0
1958,4
2326,4
4294967294,1964
4294967294,2071
4294967294,2076
4294967294,2073
4294967279,759
4294967278,558
1988,6
1988,5
1988,4
4294967294,472
2259,5
2259,4
4294967294,1858
4294967294,2068
4294967294,497
4294967294,1470
4294967278,259
1963,4
4294967294,2091
4294967294,1908
4294967294,1892
4294967294,1856
4294967294,43
4294967294,1874
4294967294,470
4294967294,26
4294967279,758
4294967294,1889
4294967294,1961
4294967294,2096
4294967294,2067
4294967294,1893
4294967294,1446
4294967294,1902
4294967294,474
4294967279,757
4294967294,1422
2084,4
2086,4
2083,8
2083,7
2083,6
2082,8
2082,7
2082,6
2085,8
2085,7
2085,6
2084,8
2084,7
2084,6
2086,8
2086,7
2086,6
2081,4
4294967294,1905
4294967294,99
4294967294,76
4294967294,41
4294967294,2105
4294967294,2102
4294967294,25
2003,4
2003,5
2002,4
2003,6
2002,5
2076,33
2076,30
2076,28
2076,27
2076,26
2076,24
2076,25
2076,21
2076,20
2076,15
2076,14
2078,91
2078,90
2078,89
2078,88
2078,87
2078,86
2078,85
2078,84
2078,83
2078,82
2078,81
2078,80
2078,79
2078,78
2078,77
2078,76
2078,75
2078,74
2078,73
2078,72
2078,71
2078,70
2078,69
2078,68
2078,67
2078,66
2078,65
2078,64
2078,46
2078,45
2078,39
2078,38
2078,37
2078,36
2078,35
2078,34
2078,33
2078,32
2078,31
2078,30
2078,29
2078,26
2078,25
2078,24
2079,146
2079,145
2079,144
2079,100
2079,143
2079,97
2079,142
2079,141
2079,98
2079,140
2079,139
2079,95
2079,138
2079,96
2079,137
2079,136
2079,93
2079,135
2079,89
2079,134
2079,133
2079,90
2079,132
2079,131
2079,77
2079,130
2079,78
2079,129
2079,128
2079,75
2079,73
2079,72
2079,70
2079,69
2079,71
2079,68
2079,65
2079,63
2079,62
2079,64
2079,60
2079,59
2079,61
2079,58
2079,56
2079,54
2079,53
2079,55
2079,52
2079,50
2079,47
2079,44
2079,48
2079,43
2079,41
2079,42
2079,40
2079,39
2079,37
2079,36
2074,17
2074,16
2074,5
2077,103
2077,101
2077,98
2077,94
2077,90
2077,87
2077,82
2077,78
2077,74
2077,71
2077,68
2077,107
2077,65
2077,62
2077,58
2077,55
2077,51
2077,46
2077,42
2077,39
2077,38
2077,35
2091,10
2091,8
2091,11
2164,5
2164,4
2076,11
2076,10
2076,13
2076,9
2076,4
2076,8
2078,49
2078,40
2078,23
2078,22
2078,21
2078,20
2078,19
2078,18
2078,17
2078,16
2078,15
2078,28
2078,14
2078,13
2078,12
2078,11
2078,10
2078,9
2078,4
2078,8
2078,27
2078,5
2079,34
2079,38
2079,33
2079,30
2079,29
2079,27
2079,31
2079,25
2079,23
2079,26
2079,22
2079,16
2079,15
2079,14
2079,17
2079,11
2079,13
2079,10
2079,4
2079,9
2079,8
2079,12
2079,5
2077,105
2077,108
2077,100
2077,89
2077,92
2077,73
2077,70
2077,64
2077,53
2077,57
2077,40
2077,44
2077,36
2076,22
2076,17
2076,16
2076,31
2076,6
2076,19
2076,18
2076,7
2078,44
2078,43
2078,48
2078,7
2078,47
2078,42
2078,41
2078,6
2079,94
2079,88
2079,74
2079,67
2079,57
2079,45
2079,35
2079,24
2079,21
2079,20
2079,99
2079,7
2079,49
2079,79
2079,82
2079,81
2079,76
2079,18
2079,6
2077,49
2077,33
2077,50
2077,66
2077,43
2077,88
2077,12
2077,72
2077,45
2077,76
2077,96
2077,18
2093,18
2077,30
2077,28
2077,26
2077,22
2077,16
2077,11
2077,4
2077,10
2077,84
2077,56
2077,34
2077,54
2077,75
2077,48
2077,81
2077,86
2077,25
2077,17
2077,15
2077,31
2091,9
2091,5
2091,7
4294967278,280
2272,4
2081,5
2047,5
4294967279,430
2046,5
2046,4
4294967294,107
4294967294,5
4294967278,527
4294967279,732
4294967278,389
4294967278,174
4294967294,1423
4294967279,429
4294967279,307
4294967294,22
4294967294,1910
4294967294,1907
4294967294,480
4294967294,1967
4294967294,1918
4294967294,1919
4294967278,305
4294967278,418
4294967279,306
4294967279,860
2111,3
4294967278,388
4294967279,305
4294967293,161
4294967293,160
4294967293,159
4294967293,158
4294967278,132
4294967278,130
4294967278,129
4294967278,260
4294967278,126
4294967278,124
4294967278,123
4294967278,122
4294967278,120
4294967278,118
4294967278,117
4294967278,114
4294967278,113
4294967278,111
4294967278,109
4294967278,108
4294967278,107
4294967278,105
4294967278,103
4294967278,415
4294967278,539
4294967278,101
4294967278,99
4294967278,97
4294967278,96
4294967278,95
4294967278,0
4294967278,538
4294967278,319
4294967278,94
4294967278,92
4294967278,91
4294967278,89
4294967278,87
4294967278,83
4294967278,82
4294967278,80
4294967278,79
4294967278,78
4294967278,77
4294967278,76
4294967278,74
4294967278,73
4294967278,72
4294967278,71
4294967278,69
4294967278,67
4294967278,65
4294967278,62
4294967278,61
4294967278,59
4294967278,56
4294967278,55
4294967278,53
4294967278,52
4294967278,51
4294967278,49
4294967278,48
4294967278,45
4294967278,43
4294967278,41
4294967278,40
4294967278,39
4294967278,38
4294967278,37
4294967278,35
4294967278,33
4294967278,32
4294967278,31
4294967278,30
4294967278,29
4294967278,28
4294967278,27
4294967278,25
4294967278,24
4294967278,22
4294967278,21
4294967278,19
4294967278,18
4294967278,17
4294967278,16
4294967278,15
4294967278,14
4294967278,13
4294967278,11
4294967278,10
4294967278,9
4294967278,7
4294967278,6
4294967278,4
4294967279,132
4294967279,129
4294967279,128
4294967279,124
4294967279,122
4294967279,121
4294967279,119
4294967279,117
4294967279,115
4294967279,285
4294967279,113
4294967279,112
4294967279,110
4294967279,402
4294967279,109
4294967279,107
4294967279,105
4294967279,385
4294967279,104
4294967279,103
4294967279,299
4294967279,388
4294967279,99
4294967279,270
4294967279,97
4294967279,734
4294967279,96
4294967279,95
4294967279,93
4294967279,91
4294967279,90
4294967279,89
4294967279,87
4294967279,83
4294967279,82
4294967279,80
4294967279,78
4294967279,76
4294967279,73
4294967279,72
4294967279,69
4294967279,67
4294967279,66
4294967279,63
4294967279,62
4294967279,61
4294967279,60
4294967279,59
4294967279,58
4294967279,57
4294967279,56
4294967279,54
4294967279,52
4294967279,51
4294967279,50
4294967279,49
4294967279,47
4294967279,46
4294967279,45
4294967279,43
4294967279,42
4294967279,41
4294967279,39
4294967279,37
4294967279,36
4294967279,35
4294967279,33
4294967279,30
4294967279,29
4294967279,28
4294967279,27
4294967279,24
4294967279,23
4294967279,22
4294967279,21
4294967279,20
4294967279,19
4294967279,18
4294967279,17
4294967279,16
4294967279,13
4294967279,9
4294967279,5
4294967279,304
4294967278,127
4294967278,444
4294967279,127
4294967294,975
4294967294,972
4294967294,974
4294967294,969
4294967294,68
4294967294,11
4294967294,50
4294967294,81
4294967294,1416
4294967279,756
4294967279,407
4294967279,126
4294967294,1417
4294967294,7
4294967278,125
4294967278,275
4294967294,1456
2111,139
2111,46
2111,147
2111,48
2111,137
2111,146
2111,47
2111,136
2111,145
2111,45
2111,135
2111,159
2111,53
2111,7
2111,20
2111,52
2111,138
2111,141
2111,30
2111,35
2111,162
2111,55
2111,153
2111,154
2111,158
2111,132
2111,133
2111,134
2111,41
2111,144
2111,37
2111,60
2111,152
2111,156
2111,14
2111,6
2111,131
2111,23
2111,130
2111,149
2111,5
2111,103
2111,93
2111,85
2111,81
2111,57
2111,39
2111,98
2111,100
2111,95
2111,84
2111,82
2111,69
2111,66
2111,62
2111,56
2111,25
2111,8
2111,102
2111,99
2111,96
2111,92
2111,87
2111,83
2111,76
2111,73
2111,72
2111,68
2111,67
2111,61
2111,51
2111,50
2111,32
2111,29
2111,18
2111,11
2111,9
2111,2
2111,4
4294967293,178
2093,6
2093,5
4294967293,177
2113,5
2101,5
4294967293,176
2165,4
2165,5
2163,4
2163,5
2410,4
4294967293,170
4294967293,169
2043,5
2037,4
2113,4
2091,6
2091,4
2075,7
2075,6
2077,61
2077,23
2077,104
2077,41
2077,95
2077,80
2077,69
2077,60
2077,47
2077,37
2077,27
2077,21
2077,106
2077,20
2077,7
2077,29
2077,93
2077,63
2077,59
2077,24
2077,102
2077,97
2077,8
2077,32
2077,67
2077,91
2077,83
2077,6
2075,5
2076,12
2076,5
2077,9
2077,14
2077,5
4294967293,168
2098,5
2112,4
4294967293,525
4294967293,524
4294967293,167
4294967294,1425
4294967294,1897
1960,4
2108,11
2108,8
2108,7
2108,6
2108,4
2074,4
4294967279,118
2472,177
2472,176
2472,175
2472,105
2472,174
2472,173
2472,14
2472,172
2472,171
2472,170
2472,169
2472,168
2472,167
2472,166
2472,104
2472,165
2472,164
2472,163
2472,162
2472,161
2472,160
2472,159
2472,158
2472,157
2472,156
2472,24
2472,103
2472,102
2472,155
2472,15
2472,22
2472,154
2472,153
2472,152
2472,151
2472,150
2472,149
2472,148
2472,147
2472,146
2472,145
2472,101
2472,83
2472,100
2472,99
2472,144
2472,143
2472,98
2472,12
2472,97
2472,31
2472,142
2472,141
2472,140
2472,139
2472,138
2472,137
2472,136
2472,96
2472,135
2472,35
2472,95
2472,13
2472,134
2472,133
2472,94
4294967293,523
4294967293,522
4294967293,166
4294967293,165
4294967293,521
4294967293,520
4294967293,88
4294967293,0
4294967293,164
2074,22
2271,16
2074,21
2074,20
2271,14
2074,15
4294967293,162
2074,13
2271,9
2074,10
2074,9
2271,8
2074,8
2271,7
2074,7
2271,17
2271,13
2271,12
2271,6
4294967293,519
4294967293,518
4294967293,517
4294967293,516
4294967293,515
4294967293,514
4294967293,513
4294967293,512
2472,93
2472,132
2472,92
2472,91
2472,49
2472,131
2472,130
2472,129
2472,90
2472,0
2472,48
2472,128
2472,89
2472,88
2472,87
2472,86
2472,50
2472,52
2472,51
2472,85
2472,84
2472,82
2472,19
2472,58
2472,57
2472,81
2472,80
2472,79
2472,34
2472,33
2472,78
4294967278,252
2472,77
2472,76
2472,75
2472,42
2472,74
2472,73
2472,72
2472,71
4294967278,251
2472,70
2472,69
2472,68
2472,67
2472,66
2472,65
2472,60
2472,64
2472,63
2472,62
2472,61
2472,27
2472,59
2472,56
2472,18
2472,55
2472,54
4294967278,247
2472,53
2472,41
2472,40
2472,37
2472,38
2472,47
2472,46
2472,45
2472,44
2472,43
2472,39
2472,36
4294967278,243
2472,32
2472,30
2472,29
2472,28
2472,26
2472,25
2472,23
2472,21
2472,20
2472,5
2472,17
2472,16
2472,7
2472,6
2472,11
2472,10
2472,9
2472,8
4294967279,377
2472,4
2472,3
2472,2
2472,1
4294967278,550
4294967294,1948
4294967279,395
4294967279,245
4294967279,755
4294967278,414
4294967294,979
4294967279,204
4294967278,293
4294967279,201
2471,26
2471,0
2471,25
2471,24
2471,23
2471,22
4294967279,197
2271,4
2471,21
2471,20
2471,17
2471,15
4294967279,195
2471,19
2471,12
2471,18
2471,16
2471,14
2471,6
2471,5
2471,13
2471,11
2471,7
4294967278,408
2471,10
4294967278,442
2471,9
2471,8
4294967294,2098
4294967278,405
4294967279,754
2471,4
4294967279,853
2471,3
2471,2
2471,1
4294967278,562
4294967294,408
4294967294,1900
4294967294,1449
4294967294,396
4294967294,1450
4294967294,420
4294967294,183
4294967294,948
4294967294,415
4294967294,2054
4294967294,167
4294967294,190
4294967294,461
4294967294,503
4294967294,487
4294967294,495
4294967294,477
4294967278,557
4294967294,1471
4294967294,2089
4294967279,341
